,N1,N2,d1,d2,freq,move_tx,move_rx,offset_tx,offset_rx,per,space1,space2,space3,space4,space5,space6,l1,l2,h1,w1,I1,I2,volume,total_loss,Lmt,Lmr,copperloss_tx,copperloss_rx,copperloss
0,7.372870137575348,10.314104727590582,1.63,1.63,,2.598460716975356,2.675965142097205,1.9033949621430122,0.09373733561421778,3500.1947805168843,3.8052419805060502,8.826828900589014,1.6493315498983097,5.960251542743789,2.297619433214763,2.299115860367744,8.004264750444275,15.033663112730967,14.865448806546764,20.00107380889792,,,7.31252465333895e-05,inf,5.91103158399646,5.528917555497487,1.399915763642135,0.672293805406764,2.072209569048899
1,7.372870137575348,10.314104727590582,1.63,1.63,,2.598460716975356,2.675965142097205,1.9033949621430122,0.09373733561421778,3500.1947805168843,3.8052419805060502,8.382456014458777,1.6493315498983097,5.960251542743789,2.297619433214763,2.299115860367744,8.004264750444275,15.033663112730967,14.865448806546764,20.00107380889792,,,7.31252465333895e-05,inf,5.91103158399646,5.528917555497487,1.399915763642135,0.672293805406764,2.072209569048899
2,7.372870137575348,10.314104727590582,1.63,1.63,,2.598460716975356,2.675965142097205,1.9033949621430122,0.09373733561421778,3500.1947805168843,3.8052419805060502,8.382456014458777,1.6493315498983097,5.960251542743789,2.297619433214763,2.299115860367744,8.004264750444275,15.033663112730967,14.865448806546764,20.00107380889792,,,7.31252465333895e-05,inf,5.91103158399646,5.528917555497487,1.399915763642135,0.672293805406764,2.072209569048899
3,14.084175777354204,18.666854931648775,1.63,1.63,40000.0,3.1087494602332706,3.550191421303628,-7.137357986152713,-2.2920353880563127,3500.333896719426,4.0928412910316805,10.231951333580088,3.720257406712282,9.393573807255505,2.3221972288864077,2.360850895712327,8.128800972585216,16.608821753604598,38.03937687253785,24.12509018666198,4.36,3.17,0.00017582768160210178,24.427320128767896,5.334290854488158,5.068569337638083,1.3400218409056335,0.6770971695543738,2.017119010460007
4,14.059435558033536,18.68937624400944,1.63,1.63,40000.0,3.439421516986513,4.319177949763894,-8.695372920120677,-0.8805982223575715,3500.314716577006,4.808749614818597,9.633901372044399,3.3824683042782575,9.92171024152978,2.290927595987019,2.3397354291887966,11.13409251926251,15.872295476008265,41.71948372666106,92.77305046510017,4.36,3.17,0.0005804823821538811,5.315719398989861,17.494055700369103,17.849431589894657,2.0456052453123172,1.0909947557049686,3.136600001017286
5,14.071725197693517,18.84469843815342,1.63,1.63,40000.0,3.3700440626197032,2.9330592415445658,8.017901651347898,-1.5616469115635405,3500.3569778546953,4.39067553015374,9.6071357355538,3.2865627732566844,9.102608223507485,2.3111112341396463,2.3640056750924,8.72010981257459,16.01515100043098,41.53792088518111,69.3739639429833,4.36,3.17,0.00037070162490065675,7.2740331727234055,12.255142821025801,12.043834246684197,1.7659261627282297,1.0081924302190322,2.7741185929472616
6,7.372870137575348,10.314104727590582,1.63,1.63,,2.598460716975356,2.675965142097205,1.9033949621430122,0.09373733561421778,3500.1947805168843,3.8052419805060502,8.826828900589014,1.6493315498983097,5.960251542743789,2.297619433214763,2.299115860367744,8.004264750444275,15.033663112730967,14.865448806546764,20.00107380889792,,,7.31252465333895e-05,inf,5.91103158399646,5.528917555497487,1.399915763642135,0.672293805406764,2.072209569048899
7,14.08110036420604,18.670435830393128,1.63,1.63,40000.0,2.7134284428786137,3.062064842831447,-6.771684647762987,-3.3351272704239934,3500.426092479743,4.024724948396666,9.148730453964589,3.2259345532643633,10.899522134544199,2.3590204824638437,2.366619305306678,8.790976649802143,15.86196707646921,38.23998559854073,99.14065155559284,4.36,3.17,0.00047532483716453334,5.730863042244248,15.83688529695591,15.693191678616863,2.051354692065341,1.1751619141906764,3.226516606256017
8,14.15619623756815,18.6881625010505,1.63,1.63,40000.0,3.370043408147062,3.9851557967369544,-7.277922831274529,1.771234439887039,3500.3416622394766,4.639535978995258,18.742378704117904,3.4297386303316286,8.194645887057154,2.3130216145159963,2.328577780892879,17.792161401350256,25.594103030410306,41.172465060977615,99.38060064014279,4.36,3.17,0.0011463254852106363,4.3650022636329995,23.86914434514589,23.40594223372342,2.0974104007556575,1.0262885586261994,3.1236989593818567
9,14.007085073607115,18.676548477167696,1.63,1.63,40000.0,3.3176680534527665,3.991009087266373,-8.171003526091752,1.4580739965690985,3499.9899784786235,4.57230950784143,18.93276240560065,4.3463421248311995,8.673180809937634,2.3161610445929695,2.3389596900256677,19.22125680580706,25.594103030410306,41.85506255048059,99.45179506300583,4.36,3.17,0.0012660192181566008,4.333387547511275,24.383399774266476,23.319138794315094,2.1144738562830665,1.0439483771312652,3.1584222334143317
10,14.194271437747329,18.796972149191443,1.63,1.63,40000.0,2.862239129152036,3.7847699531696355,-7.366232558862169,-2.352601933245673,3500.3954392751984,4.153531929631397,9.62588421923709,4.889411968632891,9.255652596513128,2.3140939208691393,2.294897374175957,10.756073667834336,16.831751724479005,41.796802784919194,36.114644997732576,4.36,3.17,0.00029540755112879714,11.380828401002217,7.960304821693215,6.928694451349204,1.6094015877797234,0.717528900974255,2.3269304887539786
11,14.060270670823792,18.674973099920315,1.63,1.63,40000.0,3.431909370539858,3.9515774531919248,7.973078745459989,-1.1632575873272835,3500.3335241677805,5.942065378853237,27.13545509380743,3.639165807460035,8.467801598407913,2.3212852468395178,2.3635817806131,18.94151626558699,34.636868059772766,41.38465142518987,99.45185106031785,4.36,3.17,0.0014111910808487465,4.213441819374106,23.486456490195902,23.3812407590629,1.9019255321165998,1.0320447042663108,2.9339702363829105
12,13.544798893357394,18.312418817050258,1.63,1.63,40000.0,3.8306096926461395,3.3955741164622664,3.9819508381808895,-1.906473618353962,3500.4250992492266,4.005149111070376,9.120589125132415,3.76437570311184,8.77269780723955,2.3106908507585664,2.3598396526355083,14.460330535758507,15.268029222625954,38.16673802561895,98.28532129172721,4.36,3.17,0.0007244086202174105,4.9397762256508155,22.919687146281046,22.356804439580994,2.2327985839710065,1.1685592992617966,3.4013578832328033
13,14.09854789614976,18.946455502372405,1.63,1.63,40000.0,3.464127874850332,3.8485896270711235,-7.0881057567217205,-1.5721984649330287,3500.397973687752,4.425279179761013,10.358690166485681,3.3742158885129188,10.196305185748754,2.3085832356587064,2.3641638196259867,8.72010981257459,16.76001725293709,41.49116146218669,69.2511992223987,4.36,3.17,0.00038697831605260147,7.229826447511822,12.26868116489768,12.09105088053883,1.7338690442368485,0.963685677155857,2.6975547213927054
14,14.06118946876713,18.674973099920315,1.63,1.63,40000.0,3.3759790576107465,3.9515774531919248,7.020576657107478,-1.1661315102173586,3500.3335241677805,5.942065378853237,25.70569401965345,3.639165807460035,8.469789813154563,2.3340366889565813,2.3635817806131,18.94151626558699,34.636868059772766,41.38465142518987,99.3910081565349,4.36,3.17,0.001410537288749808,4.2189406601663135,23.486456490195902,23.447633971510292,1.9019255321165998,1.0365938694653511,2.938519401581951
15,14.230778499907968,19.142180809529265,1.63,1.63,40000.0,3.487632993866551,3.8729443364820075,8.282180758900774,-1.912395947872597,3500.3999135433064,5.197498494961692,25.130758069269884,1.9488308117580682,10.402714686077083,2.3268943656310093,2.352490814135493,19.24473572453065,33.83668678610229,43.42028691788113,96.01177597835434,4.36,3.17,0.0014591608413063973,4.169127929203985,23.704445564658997,22.465077714599257,1.82985240598686,1.0408303682836408,2.8706827742705006
16,13.682235780438486,18.691439083431636,1.63,1.63,40000.0,3.119430686170051,2.9230164645958485,5.095033396864036,-1.5764909300428962,3500.0155395587344,4.110399973723972,11.959588031330322,3.2780929129593592,9.115071852661664,2.3645214202301097,2.338711523688122,8.37479674054665,18.2354206767461,37.809173458723855,69.2511992223987,4.36,3.17,0.0003580365946171707,7.805387482289158,12.470303568659647,12.423997731795678,1.7977448748282274,1.02425272601667,2.8219976008448975
17,14.079408611620302,18.691489029948926,1.63,1.63,40000.0,3.8140720354452147,3.4324338605355136,0.11477707003521065,-2.3554651115947136,3500.4250950873275,3.96823549475538,9.120589125132415,3.3790185973364797,8.491211162570249,2.315200770485024,2.3639523233719695,15.059639967631126,16.114221554725283,37.36901901893034,69.4677861862927,4.36,3.17,0.0005791635304022227,5.355032278517389,20.00489486996589,18.708071227466657,2.0062654387758494,1.117817674084663,3.1240831128605127
18,14.123329280135858,18.682191760276087,1.63,1.63,40000.0,2.7102579932070534,3.4141120373518548,-7.37964473139694,-1.3227647146156967,3500.333277924528,4.153564310434922,9.59642652225741,3.0880166009561223,8.700725430780684,2.3245707218117095,2.3655117198427136,14.926580552452469,16.37053934434657,37.837402657380395,99.43896455983896,4.36,3.17,0.0007709720197427995,4.69481755160829,23.597587740736117,22.84353489478765,2.171344262678736,1.1956326048433272,3.3669768675220633
19,14.157432697933846,18.693299468882262,1.63,1.63,40000.0,2.796541345540222,3.9249831560401263,-9.393106764940294,1.6384569923374541,3500.4573466381275,5.319938136875846,12.021967478267273,3.6476964694494804,9.605102678352708,2.383939874836388,2.3753303832999784,19.204188692464637,18.304564930752267,40.033557494482,99.27412975417054,4.36,3.17,0.001110967053616557,4.404713359197427,24.675809228907216,24.3066887594696,2.233173830759717,1.1219235972175992,3.355097427977316
20,14.117032313480161,18.674775217457917,1.63,1.63,40000.0,2.6962166008604416,3.0138560892085158,8.469584791346415,-1.2058260241899152,3500.3912918171573,4.16714953256003,9.016082929807542,3.27909850183421,9.630885401077636,2.3227108888423373,2.3675040500592095,8.852091900133354,15.86196707646921,38.66845433105542,55.656041567155775,4.36,3.17,0.0003076087340892844,8.43382227602131,10.081746949614407,10.110250113290789,1.636741690899322,0.9740375449550579,2.61077923585438
21,14.084175777354204,18.666854931648775,1.63,1.63,40000.0,3.1087494602332706,3.4118643241167095,-7.242279849966514,-2.2920353880563127,3500.333896719426,4.0928412910316805,9.09307709635111,3.720257406712282,9.25986867487474,2.3221972288864077,2.3607345723584934,8.228815559351435,16.607333738124556,38.24338411338493,26.41679925743575,4.36,3.17,0.00018552791352378155,21.436087135322623,5.4443248653233685,5.230383322384272,1.377830303597848,0.7005317268504541,2.078362030448302
22,13.66457711009484,18.691439083431636,1.63,1.63,40000.0,3.119430686170051,2.9230164645958485,5.095033396864036,-1.5732141240435369,3500.0155395587344,4.108141864706699,11.836302044887818,3.2780929129593592,8.52444409211796,2.3249732588623435,2.338606706780539,8.37479674054665,18.2354206767461,37.809173458723855,69.2511992223987,4.36,3.17,0.0003535263768280543,7.821353973096693,12.470303568659647,12.423997731795678,1.7977448748282274,1.02425272601667,2.8219976008448975
23,14.1186090465635,18.668182607351934,1.63,1.63,40000.0,3.3871958401350075,3.7806675392464326,-7.784089354686912,-2.0497197447360618,3501.058886327122,4.0121662941340634,25.10078544365514,3.4401593211258605,10.896168508347218,2.319087663304073,2.3765197841817893,18.7333499673849,33.64358588560587,41.152681189583326,97.92559026223338,4.36,3.17,0.0014099718989547183,4.219358806790801,23.021199447248858,23.4985956712353,1.8815360297851262,1.0398069913433274,2.921343021128454
24,13.857856821263157,18.836937273690708,1.63,1.63,40000.0,3.4595752314767094,2.6892348067804313,6.427231699672121,1.7586730802884158,3500.366534871504,4.442904734918584,9.533678062555564,3.369462275247435,8.546549263353208,2.3096181475279454,2.3286452312806922,8.72010981257459,15.896198883453922,42.17924761045129,69.2511992223987,4.36,3.17,0.0003682104725524844,7.541602194215537,12.255142821025801,11.97321642744638,1.7719187266276557,1.0509059139608774,2.822824640588533
25,14.082597427117786,18.692386634745795,1.63,1.63,40000.0,3.1204419217229855,2.9263073284628254,-7.362559216221371,0.6166578599421404,3500.347040457286,2.48866844522791,9.548246167064987,3.364932884473973,9.94442488008912,2.2969491310064387,2.366887385260198,8.781923264176044,15.850045994985386,37.37205126294085,94.92508884554373,4.36,3.17,0.0004448729978738737,5.822007927947431,15.561749332249773,15.687881638365646,1.999850472195588,1.1819592714458882,3.1818097436414763
26,14.154937955651771,18.6881625010505,1.63,1.63,40000.0,3.370043408147062,3.95104821735981,-7.277922831274529,1.771234439887039,3500.3386475880766,5.948985142298588,25.09134420164755,3.436519875554641,8.194645887057154,2.3130216145159963,2.328577780892879,19.732143137311056,34.74031080352216,41.39196814870263,96.92595734149418,4.36,3.17,0.0014352063184263888,4.183196515611,23.65147909843525,23.416404665288937,1.9105739396544765,1.0238362643318553,2.9344102039863316
27,14.15619623756815,18.6881625010505,1.63,1.63,40000.0,3.370043408147062,3.9809030393371,-7.275860736228841,-1.4141101609065831,3500.3409693232143,4.662567020505188,18.64718819457488,3.4297386303316286,8.194645887057154,2.3157250607589113,2.3668915284866174,17.792161401350256,25.594103030410306,39.581265877522654,99.38060064014279,4.36,3.17,0.0011232664403371274,4.365699271004729,23.86914434514589,23.674977124084997,2.1055347150281896,1.0381591863783388,3.1436939014065284
28,14.059975949363736,18.67406877691102,1.63,1.63,40000.0,3.33436215777288,3.920756875182786,-8.846428544318167,1.3075625656429861,3500.243091263212,4.114399030854758,8.651090725997465,3.404296983123287,7.617683092216385,2.3194915596919663,2.364877801910467,14.773998461192622,16.470627722195804,41.15730025100214,93.78631571249191,4.36,3.17,0.0007508471347012477,4.748984290618658,22.993892523313736,21.66865940135892,2.125484009264278,1.0821104259531091,3.207594435217387
29,14.05326203537089,18.69390929224948,1.63,1.63,40000.0,3.3542276603005634,3.885840955251811,8.913430567640578,-1.8318123362035577,3500.098422705962,4.043626276753645,9.633429977473826,3.4355798888670606,8.631481247474976,2.38811214606631,2.367056040394879,11.177780291492063,16.131937366727133,41.520189537994774,91.27596194152866,4.36,3.17,0.000564959340913865,5.363620374173998,17.59504088003466,17.795670098714986,2.0492438140717737,1.0886122767026363,3.13785609077441
30,7.372870137575348,10.314104727590582,1.63,1.63,,2.598460716975356,2.675965142097205,1.9033949621430122,0.09373733561421778,3500.1947805168843,3.8052419805060502,8.826828900589014,1.6493315498983097,5.960251542743789,2.297619433214763,2.299115860367744,8.004264750444275,15.033663112730967,14.865448806546764,20.00107380889792,,,7.31252465333895e-05,inf,5.91103158399646,5.528917555497487,1.399915763642135,0.672293805406764,2.072209569048899
31,13.868056733647661,19.527156697408127,1.63,1.63,40000.0,3.3803405961441784,3.9538667100069826,-6.594546382365916,1.4179468078634523,3499.9079910726045,4.613156646833773,8.848628045653925,4.349896027037269,8.591267684403107,2.3679183015769536,2.3376475368768346,8.078461228288639,16.22514958076636,41.74185705276444,21.131551598772184,4.36,3.17,0.0001673121925442,31.853421584966572,5.053443444270428,4.280548508664754,1.3780320930380467,0.5996597871020207,1.9776918801400676
32,14.09854789614976,18.946455502372405,1.63,1.63,40000.0,3.464127874850332,3.8485896270711235,-7.0881057567217205,-1.5721984649330287,3500.397973687752,4.425279179761013,10.48679095063803,3.3742158885129188,10.196305185748754,2.3085832356587064,2.3641638196259867,8.72010981257459,16.76001725293709,41.49116146218669,69.2511992223987,4.36,3.17,0.00038697831605260147,7.229826447511822,12.26868116489768,12.09105088053883,1.7338690442368485,0.963685677155857,2.6975547213927054
33,14.129902787543518,18.773151307897916,1.63,1.63,40000.0,2.8384441356322716,3.9583620633771077,-7.305162515982143,-1.1562409162886715,3500.093264132147,5.054984418888161,9.410656457641888,3.663359681829697,9.37228734380287,2.302548692648956,2.351200528667198,11.331468383083772,16.50379305759722,38.865390251962545,99.79349423768679,4.36,3.17,0.0006018415409208474,5.061485089873578,18.758947333459673,18.446389318376273,2.0872495360530907,1.1343630818822348,3.2216126179353255
34,14.090270430851655,18.666854931648775,1.63,1.63,40000.0,3.1087494602332706,3.426756635641944,-7.242279849966514,-2.2920353880563127,3500.3446928751437,4.0928412910316805,9.371933956452837,3.720257406712282,10.176608049858848,2.3221972288864077,2.3269319929118533,8.228815559351435,15.851055930313692,38.24338411338493,26.41679925743575,4.36,3.17,0.0001875261499975299,21.204312909708175,5.487556601845955,5.246855813083463,1.3690981171164993,0.7033054014424529,2.072403518558952
35,14.05947623605396,18.737028456055725,1.63,1.63,40000.0,3.373170760555947,2.6461478611581506,8.320096063002456,-5.196077882921809,3500.33638201093,4.255891282117814,8.995353034075858,3.127926353621964,8.126213229125911,2.294473962902499,2.3621909050343195,8.72010981257459,16.76001725293709,41.5715590842516,69.97498765997426,4.36,3.17,0.0003737002737698851,7.26839229053458,12.247766456906463,12.0372316848392,1.7336541290852259,1.0359735856629462,2.769627714748172
36,14.084175777354204,18.666854931648775,1.63,1.63,40000.0,3.1087494602332706,3.550191421303628,-1.256193930501424,-2.2920353880563127,3500.333896719426,4.0928412910316805,9.567654487049776,3.720257406712282,9.393573807255505,2.3175375700717686,2.360850895712327,8.164044459493743,16.608821753604598,38.03937687253785,24.12509018666198,4.36,3.17,0.00017643351503622966,24.33938002457805,5.334290854488158,5.080711181313578,1.3699281691763552,0.6798472533642977,2.049775422540653
37,14.059975949363736,18.66339557725218,1.63,1.63,40000.0,3.33436215777288,3.920756875182786,-7.689094555443073,-1.2916102824131357,3500.3800184637694,4.114399030854758,8.651090725997465,3.404296983123287,7.617683092216385,2.320717669615939,2.364877801910467,15.025768616113314,16.470627722195804,41.15730025100214,93.78631571249191,4.36,3.17,0.0007644687793593808,4.747331556675808,22.993892523313736,22.051160704353347,2.1412683879427856,1.0939810537052486,3.235249441648034
38,14.117032313480161,18.674775217457917,1.63,1.63,40000.0,2.6962166008604416,3.0138560892085158,8.469584791346415,-1.2058260241899152,3500.3805453060904,4.16714953256003,9.016082929807542,3.27909850183421,9.630885401077636,2.3227108888423373,2.3675040500592095,8.852091900133354,15.86196707646921,38.66845433105542,55.656041567155775,4.36,3.17,0.0003076087340892844,8.43382227602131,10.081746949614407,10.110250113290789,1.636741690899322,0.9740375449550579,2.61077923585438
39,14.007085073607115,18.676593468663125,1.63,1.63,40000.0,3.3176680534527665,3.9940165882351693,-8.182474200091777,1.4580739965690985,3499.9899784786235,4.57230950784143,18.93276240560065,3.4590521806719314,8.697987971802565,2.3161610445929695,2.3630679148681106,19.22125680580706,25.594103030410306,41.87545793429583,99.45179506300583,4.36,3.17,0.0012673471281791978,4.3314397672465335,24.383399774266476,23.319138794315094,2.112299770526399,1.0439483771312652,3.156248147657664
40,14.085796998926458,18.78031001538966,1.63,1.63,40000.0,3.443158392260411,4.022646392568729,-7.408865227680354,0.7856177253931017,3500.198460132831,5.034699862009895,9.50897696386034,3.406969610066514,7.642880002738879,2.321390296419845,2.3204571902927054,18.95196683044926,16.4720586139806,41.67638921389022,99.97823298198264,4.36,3.17,0.0010518260487614834,4.451655696302583,24.68512017532929,24.016045972024816,2.2528604652023203,1.133900121689895,3.3867605868922155
41,14.087153481852896,18.671995787186265,1.63,1.63,40000.0,2.7531859123829805,3.023773863040093,-8.089777372048538,-1.4716252482257903,3500.4604758119417,4.02433450218501,9.62189241244367,2.9789617850005823,8.142467390834971,2.3353380549509497,2.3696792922094163,8.349694996376698,16.912836671263584,42.7292670775501,27.489576381275533,4.36,3.17,0.00020032771730518938,21.186643420451453,5.637328220467313,4.600267174741881,1.4038627484052557,0.6683602965978793,2.072223045003135
42,14.117032313480161,18.76979977456568,1.63,1.63,40000.0,2.6962182489002156,3.894628521258794,8.469584791346415,-1.2058260241899152,3500.391244722508,4.16714953256003,9.016082929807542,3.2714338377586554,9.630885401077636,2.3352509029560924,2.3675040500592095,8.852091900133354,15.86196707646921,38.66845433105542,37.1389524092912,4.36,3.17,0.00023753219981090736,12.789098577145081,7.342544742000832,6.692480182753914,1.5092920027288852,0.6966376383581144,2.2059296410869997
43,14.193403981151928,18.775987877720578,1.63,1.63,40000.0,3.4636905923949914,3.9467265465848134,-7.362216881723121,2.046078317156731,3500.4001705500236,4.2208366010579725,26.89718729185025,4.560544523908552,9.645103410484436,2.3001725213423505,2.3564636891362696,19.898509894946677,33.777694955400726,41.528320341377814,99.615480948029,4.36,3.17,0.0014988473472801129,4.115970423617213,23.59428234897344,23.402300002480352,1.9236025496866844,1.0207931963823798,2.9443957460690644
44,13.682235780438486,18.691210043582462,1.63,1.63,40000.0,3.119430686170051,3.57283504279157,-7.9076908233390135,-1.5764909300428962,3500.357673968402,4.028605322054298,9.705189205993968,3.2780929129593592,9.115071852661664,2.3645214202301097,2.338711523688122,8.370945078315712,18.32472648270713,37.80810293722932,70.17167984948121,4.36,3.17,0.00036233554727698657,7.651792146722477,12.479248299301336,12.4291501302036,1.739839966172534,1.0160726300169862,2.7559125961895203
45,14.133588098650725,18.674775217457917,1.63,1.63,40000.0,2.7930550849325684,3.0138560892085158,8.471678028746,-1.525001674671357,3500.3805453060904,4.16714953256003,9.062819830068118,3.27909850183421,9.410103935517316,2.3227108888423373,2.360733918095384,8.852091900133354,15.86196707646921,38.68567488908525,58.26128814883065,4.36,3.17,0.0003158422435288736,8.06414337892543,10.955217509388072,11.317744370038104,1.6497965495141782,0.9862195715776793,2.6360161210918576
46,14.075897154706398,18.794533150562412,1.63,1.63,40000.0,3.1977146458705374,3.5048872574051724,-8.108746558467388,1.7153894323541814,3500.2208310326046,4.036412439112276,9.109476433182262,3.5809981876899784,9.393476918354732,2.3815030618088273,2.3671443368536336,9.949577832794638,16.58816806915624,41.574148141132206,99.28987769485647,4.36,3.17,0.0005582419535952168,5.391563671547278,16.418654087247596,15.74464408806356,2.037215619146426,1.0858779335644628,3.1230935527108885
47,14.223017281712647,18.82848910420033,1.63,1.63,40000.0,3.4809007676455743,3.8486314616479738,8.013345765513355,-1.571589399007005,3500.3979130753974,5.13084731179585,25.301165959209623,3.6652798936290734,18.360551707240088,2.3887144185733638,2.364086703342451,18.837058536306518,34.96849594833509,41.207896517135524,94.7703199832432,4.36,3.17,0.0015798103026982088,4.113430507101024,23.102195062410438,22.535054221152567,1.758268409550935,1.0095529855464977,2.7678213950974326
48,14.090270430851655,18.694556416938184,1.63,1.63,40000.0,3.107132596891267,3.4379696917463685,-8.003842765414262,-2.2754909491502935,3500.3664320134144,4.0928412910316805,9.371933956452837,3.3998613484363447,10.176608049858848,2.3221972288864077,2.36446622905089,8.53837409829598,15.851055930313692,41.532702253137394,26.41679925743575,4.36,3.17,0.00020506504121528332,21.14561686215658,5.374427344448747,4.727341594285793,1.360898315836739,0.664703431277911,2.02560174711465
49,14.234129558713578,18.80171035843196,1.63,1.63,40000.0,3.3358077507447144,3.8382657675667566,-8.592978433800846,-0.41489718320225355,3500.0465780886893,3.6288838673509067,25.111108670227026,3.611106872978211,18.153052731734057,2.3284839898648597,2.371173042277043,19.956974545642286,33.84680480316284,41.438267533816614,99.62818658555678,4.36,3.17,0.001707850661584798,3.9699703499528822,23.615318105537142,23.667551510279,1.802518200299014,1.0084445981567347,2.8109627984557486
50,14.071658810476386,18.946455502372405,1.63,1.63,40000.0,3.464127874850332,3.8485896270711235,-7.0881057567217205,-1.0969385291656217,3500.3979509380342,4.394433942821331,10.358690166485681,3.3919830288456483,9.698409745008284,2.320081950531317,2.327193504974044,8.72010981257459,16.76001725293709,41.49116146218669,69.2346444263026,4.36,3.17,0.00038259956722571986,7.261648509595149,12.26868116489768,12.09105088053883,1.7426012307181973,0.963685677155857,2.706286907874054
51,14.075404461159593,18.73114707058362,1.63,1.63,40000.0,3.1977146458705374,3.550608483013185,-8.108746558467388,-1.0343219666460373,3500.2231110029556,4.036412439112276,9.115007414293602,3.572424206458937,9.393476918354732,2.295258203062125,2.3671443368536336,9.9845985422126,16.58816806915624,41.574148141132206,99.92351593759506,4.36,3.17,0.0005628020285099923,5.388257668188391,16.418654087247596,16.293416510085784,2.066970429781842,1.0834615363780988,3.1504319661599407
52,14.104526007507706,18.702725232869643,1.63,1.63,40000.0,2.8341807906336096,3.4179239127512164,-7.207709178373973,-1.3609543211665485,3500.349325761813,4.449642477379735,9.389715500722167,3.132559090930725,8.492606683048278,2.3889453450413427,2.364236898165589,11.536647798158103,16.2949302703099,38.45755407739289,98.92659320324212,4.36,3.17,0.0005923653675064337,5.092543857605076,19.754501998315842,18.693450095890555,2.100618670851876,1.1736586054668139,3.2742772763186903
53,14.079686753034684,18.78031001538966,1.63,1.63,40000.0,3.433491925723792,3.996336992560395,-8.521951401198583,-1.8916780951583712,3500.1979922686887,5.042290698154499,9.50897696386034,3.406969610066514,7.773779488572722,2.31374172843602,2.320789384692747,14.915097804489278,16.4720586139806,41.12576903446954,99.97368962396139,4.36,3.17,0.0008002814530454503,4.61606730049023,23.15226019691695,22.269654745139324,2.144342712545591,1.0894814148703165,3.2338241274159074
54,14.15619623756815,18.70303577178691,1.63,1.63,40000.0,3.3705649279259835,3.9851557967369544,-7.277922831274529,1.771234439887039,3500.3492478827343,4.639535978995258,19.297933881687825,3.132748090013328,8.194645887057154,2.3333488821725057,2.329245593285017,17.792161401350256,25.594103030410306,41.172465060977615,99.38060064014279,4.36,3.17,0.0011463380290231756,4.342574728035224,23.841502396077523,23.40594223372342,2.069568817838869,1.0317026059452128,3.1012714237840817
55,14.078059823508436,18.67420996743901,1.63,1.63,40000.0,3.1272535520473475,3.4578543610616435,-7.3849120488058375,-2.217713767137037,3500.1719584740886,5.342801516733743,9.95643818933863,3.0538440017362793,9.393573807255505,2.3288431199041653,2.3618987435894345,8.278966821922195,16.299203248581552,37.64869635044888,37.20483617509806,4.36,3.17,0.0002220849826542475,13.652197087647876,7.298871176330012,6.855638498399735,1.4789911185351305,0.721622230866181,2.2006133494013116
56,13.893430295696293,18.796865092229336,1.63,1.63,40000.0,3.3316046919304156,3.8258156815530175,8.522285992565807,-1.5115936670011383,3500.064625392044,4.13540922431188,25.862481929745606,3.5220393985676597,20.702693378036823,2.3275015195891373,2.3648486940150213,18.95581782620807,33.68440102506881,41.64603489318177,99.73989075942603,4.36,3.17,0.0016803807742548748,4.032233735724164,23.54255380150745,23.43223870919116,1.7152200875828423,1.0138499181948701,2.7290700057777126
57,14.117417381966916,18.668125001126228,1.63,1.63,40000.0,3.3871958401350075,3.781427178772759,-8.18471416493082,-2.048485524680879,3500.0151211724037,4.0121662941340634,26.862263292470075,3.7325426871437,19.2058075748789,2.3187237774086973,2.380147269336505,18.05261000429618,34.901765601075546,41.57327822113297,99.2719508979916,4.36,3.17,0.0015893409977593535,4.091073822551369,22.685820138730033,23.368001799594428,1.7426296498301173,1.0007858506428078,2.743415500472925
58,14.048094481797113,18.78230807229722,1.63,1.63,40000.0,3.3960436226931163,2.71393662898855,-8.739738134460541,2.054166674190043,3500.4321206684854,5.262698539446723,9.60734522611504,3.8945133585486325,9.382503819832593,2.388104210764228,2.3330280040957745,9.422524616740883,16.254200201438735,41.70917137336637,69.71100893280533,4.36,3.17,0.00040285858436802036,6.893866461826515,12.37172775626092,12.393348773263433,1.7352326529920594,1.0603767478688766,2.7956094008609362
59,14.084175777354204,18.666854931648775,1.63,1.63,40000.0,3.1087494602332706,3.567651086268903,-1.256193930501424,-2.2920353880563127,3500.333896719426,4.295338539175924,9.567654487049776,3.720257406712282,9.393573807255505,2.3175375700717686,2.360850895712327,8.164044459493743,16.608821753604598,38.03937687253785,24.12509018666198,4.36,3.17,0.00017643351503622966,24.33938002457805,5.334290854488158,5.080711181313578,1.3699281691763552,0.6798472533642977,2.049775422540653
60,14.15619623756815,18.6881625010505,1.63,1.63,40000.0,3.370043408147062,3.9809030393371,-7.275860736228841,-1.4141101609065831,3500.3409693232143,4.585255787345043,18.64718819457488,3.4297386303316286,8.194645887057154,2.3157250607589113,2.3668915284866174,17.792161401350256,25.594103030410306,39.581265877522654,99.38060064014279,4.36,3.17,0.0011232664403371274,4.365699271004729,23.86914434514589,23.674977124084997,2.1055347150281896,1.0381591863783388,3.1436939014065284
61,14.059975949363736,18.66339557725218,1.63,1.63,40000.0,3.33436215777288,3.920756875182786,-7.689094555443073,-1.2916102824131357,3500.379495361852,4.114399030854758,10.315151350999447,3.404296983123287,9.629411831436265,2.3208268688001623,2.364877801910467,15.025768616113314,16.470627722195804,40.867383162688704,99.90539460396101,4.36,3.17,0.0008282829240284881,4.6152261252617475,23.1164048245137,22.317236158124803,2.157735184075955,1.0847238339442498,3.242459018020205
62,14.129902787543518,18.782469754745282,1.63,1.63,40000.0,2.8389034554942283,3.928165067568029,-7.296525766512647,-1.1562409162886715,3500.093264132147,5.0472469792891035,9.410656457641888,3.675862111358032,9.37228734380287,2.302548692648956,2.351200528667198,11.331468383083772,16.50419043093292,38.865390251962545,97.02839668712694,4.36,3.17,0.000588520497251922,5.139455817681371,18.7505019255789,18.400822541963603,2.0872495360530907,1.1343630818822348,3.2216126179353255
63,14.15619623756815,18.70303577178691,1.63,1.63,40000.0,3.3705649279259835,3.9851557967369544,-7.277922831274529,1.4170773694046508,3500.3492478827343,4.639535978995258,19.297933881687825,3.132748090013328,8.194645887057154,2.3333488821725057,2.329245593285017,17.792161401350256,25.594103030410306,41.172465060977615,99.38060064014279,4.36,3.17,0.0011463380290231756,4.342574728035224,23.841502396077523,23.469322450164242,2.069568817838869,1.0317026059452128,3.1012714237840817
64,14.071677311996012,18.804942260852016,1.63,1.63,40000.0,3.3839596767382423,3.9546293032080815,8.467258959056577,-1.0660370074207441,3500.382761669888,4.393808985667754,24.84065360118785,1.9183228566019266,18.307627685814317,2.325652282669571,2.3598558529395373,18.16818127517348,35.87366237066193,41.71240144955522,99.60728906866271,4.36,3.17,0.001607046867433662,4.08269900894632,22.761390534894336,23.1964251779872,1.722753271964102,1.004876461907762,2.727629733871864
65,14.048336483286487,18.797770802411918,1.63,1.63,40000.0,3.3966152582422287,2.7047693786096203,-7.282274041996943,2.054166674190043,3500.43251380002,5.262698539446723,9.60734522611504,3.8945133585486325,9.382503819832593,2.388104210764228,2.3330280040957745,9.422524616740883,16.254200201438735,41.7082963578776,69.9754541623697,4.36,3.17,0.0004039768546222184,6.889976297256791,12.37172775626092,12.393348773263433,1.754416079248018,1.0603767478688766,2.8147928271168947
66,14.123329280135858,18.682191760276087,1.63,1.63,40000.0,2.516978618359905,3.419726680150896,-7.37964473139694,-1.3227647146156967,3500.333277924528,4.119340324322447,9.595899517942284,3.0880166009561223,9.663456061553584,2.3245707218117095,2.3198849031700832,9.024076755938626,16.37053934434657,37.874168734253566,99.43896455983896,4.36,3.17,0.0004813305311159588,5.548359663558735,15.83688529695591,15.667644686105032,2.0052936420910483,1.1418350005037552,3.1471286425948035
67,14.15619623756815,19.183871252812885,1.63,1.63,40000.0,3.370043408147062,3.9473791663829654,-7.36354450460291,1.771234439887039,3500.3416622394766,4.319151070761924,9.433128903457433,3.5073351845364247,9.629358973560329,2.3283285967314664,2.3563805433129925,17.80017424809459,16.129128226866406,41.02743367328907,99.44920174778825,4.36,3.17,0.0009913805571466338,4.460388483998572,24.24433327742801,24.122856474869476,2.231346298032855,1.1059868493666618,3.3373331473995167
68,14.040419075410632,18.699434267030068,1.63,1.63,40000.0,3.4508656906240547,3.284845119827705,-7.129990403546277,-2.415496174611426,3500.6336186496524,3.743950965100813,9.42133349252677,4.04593624428281,8.44223036871859,2.333346689815476,2.2916035474499807,11.628048846658979,17.041397564301178,38.6692230733637,94.61884457612832,4.36,3.17,0.0005875078856042183,5.215857287812297,19.623067890854635,19.32907275393959,2.0765864409331933,1.1696921117277546,3.246278552660948
69,13.682235780438486,18.691439083431636,1.63,1.63,40000.0,3.0163573815444646,2.9230164645958485,5.095033396864036,-1.5764909300428962,3500.0155395587344,4.110399973723972,11.959588031330322,3.2780929129593592,9.115071852661664,2.3645214202301097,2.338711523688122,8.37479674054665,18.2354206767461,37.809173458723855,69.14412425206943,4.36,3.17,0.0003576278382235148,7.8167891645158445,12.470303568659647,12.423997731795678,1.7977448748282274,1.02425272601667,2.8219976008448975
70,14.153834117988126,19.185459034895523,1.63,1.63,40000.0,3.370043408147062,3.9851557967369544,-7.270899739411734,-0.06570270174328308,3500.3590112469183,5.29821976244646,9.713629177818724,3.370521342456348,9.629358973560329,2.330461532827317,2.3655569470950657,19.185380340772042,16.020271826400744,41.70619723849852,99.68510269420275,4.36,3.17,0.0010915233708216185,4.416627231081953,24.67054575554755,24.082439184472207,2.2418660562432353,1.136376750787795,3.3782428070310306
71,14.152679069607274,18.77441598633523,1.63,1.63,40000.0,3.5021775636363155,3.956791377330938,8.467258959056577,-1.0660370074207441,3500.3824309116335,6.026233553000217,24.84065360118785,1.919862279293902,9.77199647721371,2.3260644200869853,2.359032724102559,18.208720769240003,35.839312210818285,41.716597911697114,99.92125185758582,4.36,3.17,0.001420611443067088,4.188677493779993,22.772105460978423,23.026611414985325,1.828777241181545,1.0339322676430085,2.8627095088245538
72,14.149837075086296,18.827309681468552,1.63,1.63,40000.0,3.1259816292126628,3.5820271466432767,-7.12597279817991,-1.9150995611972095,3500.347317345521,4.042560510977424,9.304281519191273,3.0971599335903375,9.259946701210827,2.320094566235507,2.360609987163859,8.801088631714094,16.6112111685278,38.20273254190683,29.47140240536165,4.36,3.17,0.00020750961968051543,17.05690352902503,6.056279639258518,5.834864311114419,1.3772236816819499,0.7091019488441683,2.086325630526118
73,14.06127407671717,18.702725232869643,1.63,1.63,40000.0,2.495494028377177,3.9385115342994466,-7.071850446141507,-1.8098518928649079,3500.3628359663394,2.4612095097149163,9.08912173162338,2.9278774682450184,8.784025921412361,2.322693387949128,2.361676984089162,9.23866689337527,16.984133116442848,42.0884812802248,68.67542127479041,4.36,3.17,0.0003977501608550826,7.085363559250797,12.346538298929662,12.425625359565148,1.7371962415124922,1.0030418957174192,2.7402381372299116
74,14.053158499221352,19.23062915737864,1.63,1.63,40000.0,3.376838408812219,3.8030672906359944,-8.598779954422612,-0.4211821847553986,3500.1870374983323,4.822792904121633,25.431546414963936,3.3396980686772317,9.653680424991151,2.2964637258876515,2.3651326381157958,18.512563965126407,33.94075904201902,41.50493125406484,99.63628996829135,4.36,3.17,0.0013966262476217144,4.223762128171865,22.958389653457637,23.456232487280033,1.8831690614874397,1.035691632186107,2.9188606936735466
75,14.156220438907834,18.68884226147869,1.63,1.63,40000.0,3.381868920098862,3.9680296436767706,-8.617298499072248,-1.5825368402113043,3500.380265747919,4.4973505796977005,9.383957013464824,3.0485690624316697,9.721874989654937,2.365106685935843,2.3634407692939603,11.619618545244274,16.115641207568768,41.237645280824474,98.926036907207,4.36,3.17,0.0006329828179581752,5.006214820084031,19.614949070191695,19.089577199219804,2.074153494238058,1.0857683220724286,3.1599218163104865
76,14.06316273912564,19.245491947393035,1.63,1.63,40000.0,3.4305798408415082,3.956760163803141,-6.963329877072626,-1.682300101074218,3500.4281385800628,4.226399148271316,19.026061496967895,3.397805662487206,10.757826390997069,2.3285282758405543,2.366880788000229,19.7287448674346,25.330888143209265,40.79464732840556,99.67041100683628,4.36,3.17,0.0013263665988825335,4.3079397173100755,24.498700848281675,23.432123204840078,2.1416148107595867,1.0537331808608874,3.195347991620474
77,14.129902787543518,18.772077017458997,1.63,1.63,40000.0,3.3495062447103554,3.7812137293138934,-7.793349896505158,-0.8705354315128382,3500.4142176454857,4.367799365742608,9.810643734087856,2.2940155953122896,8.698957382939648,2.319740895087516,2.363556059470643,10.808794950302556,16.50379305759722,41.81325864407876,96.47972364080783,4.36,3.17,0.0005814724876870356,5.280326033305093,17.815760741918606,17.770151124567118,2.078074315729923,1.0780319764159596,3.156106292145883
78,14.078661954814176,18.691439083431636,1.63,1.63,40000.0,3.2029325289026165,2.8999234087816186,6.0821641333645236,-1.358845594784907,3500.3524829164994,4.932955280839046,12.04791579429801,3.2780929129593592,9.094587634682897,2.3276940187093036,2.3657163450536216,8.524486271902239,18.694249145218468,38.18380120883128,69.2511992223987,4.36,3.17,0.00037036654458350374,7.415077888223999,12.470303568659647,12.492608136742774,1.7858993828889385,1.0356759617231863,2.821575344612125
79,14.118610864932343,18.66794986933551,1.63,1.63,40000.0,3.3871958401350075,3.781427178772759,-8.155542415763309,-2.048485524680879,3500.045357168017,4.0121662941340634,26.862263292470075,3.7325426871437,19.2058075748789,2.3219385024353962,2.380147269336505,18.049083550019976,34.901765601075546,41.57327822113297,99.44566985951481,4.36,3.17,0.001590954846212546,4.088069467970552,22.80888219204008,23.368001799594428,1.7430785769159285,1.0007858506428078,2.7438644275587363
80,14.142112582905963,18.933644638982265,1.63,1.63,40000.0,3.3884943727656625,3.939728807377451,-8.638278659722326,1.9394224021898174,3500.0306448679653,4.524874023208312,9.656939847755469,3.0673352944337315,8.571141895545052,2.379901457456356,2.3607847249453626,14.597497971594628,16.096069903409283,41.81266790859085,99.60673954016164,4.36,3.17,0.0007917861590038143,4.627003131291137,23.07069406900394,21.856446756687575,2.1376391600286495,1.0756032900020343,3.213242450030684
81,14.078059823508436,18.67473169104287,1.63,1.63,40000.0,3.126260634060603,3.4578543610616435,-7.671833709055137,-2.217713767137037,3500.1676564397885,4.44692845579681,9.95643818933863,3.0538440017362793,9.393573807255505,2.296179899881244,2.3788339746030753,8.278966821922195,16.299203248581552,37.64869635044888,98.29251337651742,4.36,3.17,0.0004398090623698246,5.889040531351989,15.743077709374601,15.41284395873529,2.0362192358442477,1.125537301719633,3.161756537563881
82,14.074096945577764,18.668182607351934,1.63,1.63,40000.0,3.3871958401350075,4.057534849006021,-7.795165398644781,1.22021880313697,3500.289891072392,4.013349262609437,25.10078544365514,3.5931137696490865,9.963173213729384,2.360307487651488,2.360180824231734,18.720781082227447,33.815044295266944,41.152681189583326,99.81348675749189,4.36,3.17,0.0014123007322134518,4.203483680232927,23.059458686888817,23.4985956712353,1.8950498241052458,1.0336841350699641,2.9287339591752097
83,14.157265090764804,18.692419076889898,1.63,1.63,40000.0,2.647547973584615,3.937457703240488,-7.376739554405671,0.08580230153289525,3500.3525325756555,2.521474983419907,11.76795198914098,3.2857626569215017,9.373555432438543,2.369132869696435,2.3687890766199797,12.181671834392242,18.536429519198375,37.38760322105134,99.83124205846191,4.36,3.17,0.0006619889357844937,4.949659223770826,20.50149179346143,19.941467583794704,2.1444070307341283,1.1131261766535097,3.257533207387638
84,14.085796998926458,18.78031001538966,1.63,1.63,40000.0,3.443158392260411,4.083620416313706,-7.408865227680354,0.7856177253931017,3500.198460132831,5.034699862009895,9.50897696386034,3.406969610066514,7.642880002738879,2.321390296419845,2.3204571902927054,18.95196683044926,16.4720586139806,41.67638921389022,99.97823298198264,4.36,3.17,0.0010518260487614834,4.451655696302583,24.68512017532929,24.016045972024816,2.2528604652023203,1.133900121689895,3.3867605868922155
85,14.123329280135858,18.682191760276087,1.63,1.63,40000.0,2.7102579932070534,3.1380311357159765,-7.482323736881312,-1.3227647146156967,3500.626398095403,4.652078365248144,9.137464681339885,3.0951001209023263,8.730102298016927,2.3246528845667433,2.3646384729269374,8.183868799093645,16.37053934434657,37.837402657380395,99.43896455983896,4.36,3.17,0.00043746465983731184,5.917317851933296,15.593960630610452,15.460751325586493,2.0383567510730733,1.1707699014908388,3.209126652563912
86,14.340939367595578,19.244742588420085,1.63,1.63,40000.0,3.4305798408415082,3.956760163803141,-6.963329877072626,-1.68527749049746,3500.4280073175237,4.226399148271316,18.516299959621183,3.397805662487206,10.757826390997069,2.328297002460435,2.366880788000229,19.736026738559083,25.330888143209265,41.63275321751495,99.67041100683628,4.36,3.17,0.0013407604109066595,4.287517696700071,24.43570505323619,23.38310478946456,2.1694563936763753,1.0501085098107725,3.219564903487148
87,14.138043129770397,18.84445152729002,1.63,1.63,40000.0,3.3696920668214823,3.8529133561114355,-7.017265573636657,2.2078266195821112,3499.987220145548,4.5615518706676985,9.689537919475134,3.563512928424437,8.785008230951915,2.330418942047771,2.3019760568960557,11.407079762224395,15.887835318900223,41.74717683252881,99.61520662533873,4.36,3.17,0.0006167632629984773,5.039152365111619,18.521501292308155,18.088863260784905,2.0875387255479025,1.0710086534670038,3.158547379014906
88,14.084346838958334,18.667443615536815,1.63,1.63,40000.0,3.127375434848078,2.679694887573976,-7.39275082392528,-2.291943353720832,3500.2172626790816,4.094556965338848,9.830021662682421,3.3825657348405533,9.254495938225084,2.3199184046047296,2.3600406671053964,8.128800972585216,16.608821753604598,38.1812731618337,97.25266340390903,4.36,3.17,0.00043696735771810554,6.170321734980704,15.562820115106124,15.437144602732273,2.0753557713134336,1.2298804900012241,3.3052362613146578
89,14.462195613840981,19.18132953219938,1.63,1.63,40000.0,3.3741673436511417,3.892455885438984,-6.969689125843978,1.9941697644677132,3500.3411005507037,5.123516009210395,18.44269160649252,3.46039108370304,9.688521977179496,2.302036634533708,2.297338185682646,14.743644647762117,25.56317384218616,41.60802334440913,97.94948298336173,4.36,3.17,0.000967116784356821,4.530892819829503,22.44649236106653,21.04833397001178,2.0337248814966893,0.9979124963777148,3.031637377874404
90,14.06202239837401,18.77328316980042,1.63,1.63,40000.0,3.3355243718407057,3.5315486525111544,-7.362658560696014,-1.504601714570128,3500.3996935527725,4.955299432885634,26.898281202231033,3.4044226589707036,8.609193381434567,2.329161929840527,2.321980094831494,19.092492924826363,33.72579499340653,38.93680814242605,99.4730389706792,4.36,3.17,0.0013639046211773565,4.23037670465645,23.66503539230686,23.98127900612998,1.9037411263385873,1.0967832425184723,3.0005243688570595
91,13.684667507410404,18.79283714094624,1.63,1.63,40000.0,2.8871362352482883,2.6959372275891815,-7.680642419947838,-2.3066763356857543,3500.018670475505,2.1670973259907442,8.94559072702377,3.9904756229941833,8.780760018825962,2.3085730769861037,2.3624492942524746,8.573250483210233,16.759957696986422,38.014378600201454,67.34926748611394,4.36,3.17,0.0003413902659103488,7.826573681593745,12.61518313537666,12.598887871491613,1.7738531605769439,1.0989933741842137,2.8728465347611576
92,14.142559540203704,18.68931534020604,1.63,1.63,40000.0,3.3775848257971077,2.8800740225873565,-6.925276681089114,-2.0486603366453244,3500.062573874673,4.440329470816719,9.018765727355795,3.419168240822287,9.50870008946972,2.3183417372458943,2.3603339947473123,9.490829681445213,16.34278593433497,40.03448384451386,99.46071276399724,4.36,3.17,0.0005204642455273307,5.526471478098699,15.361102844750578,15.515040538087236,2.0395541009905833,1.1720659226584118,3.211620023648995
93,14.149837075086296,18.689961898642665,1.63,1.63,40000.0,3.373982075306971,3.8941866122626174,9.097813562204296,-1.5521786700812341,3500.3006985684315,3.988436459470109,9.304281519191273,3.094257266627988,9.475593950215877,2.340359087387521,2.298090912244678,11.688228387186836,16.167721718981994,42.28111542780529,99.9291122622363,4.36,3.17,0.000649646622937389,4.962363126506501,19.558178989797234,18.984258668465895,2.0486313525628974,1.0808623310107262,3.1294936835736236
94,14.087905719984452,18.80161658549291,1.63,1.63,40000.0,3.404947115298862,3.90283034681837,-7.391707981999753,1.9845829189854425,3499.97015709953,4.258705272397624,9.866653977705266,3.607408858064267,9.654303102996868,2.3206143290232113,2.33965022827485,15.025843869265259,16.716843175509993,41.14357560234864,99.89216991072259,4.36,3.17,0.0008358212703864536,4.6084273081625655,23.089427088045444,22.31281144833222,2.1583611313887974,1.0756032900020343,3.233964421390832
95,14.048122132245513,18.953728892253427,1.63,1.63,40000.0,3.386958332136,3.9588350658462557,-7.372575420343493,-1.3054281896356073,3500.1007295978943,3.9879434291397766,10.131256056883888,3.739197862205429,8.803733245416312,2.3865911384125003,2.3682125162291787,9.432973541358054,16.50379305759722,41.153840415033436,99.91419586504763,4.36,3.17,0.0005260001481442702,5.481148984554444,15.36392820592843,15.325814550417325,2.036781456431068,1.0488738798538937,3.0856553362849617
96,14.159678773318152,18.800202110950117,1.63,1.63,40000.0,3.132446182981307,3.388733746555161,-8.666677043400522,-0.9013426398281685,3500.3475002507203,4.351448924423943,8.997046234682662,3.545517553701816,9.216389214523545,2.3416051725854907,2.3625914016051333,8.746714749085838,16.66981815512988,40.019883046654876,41.25288004000212,4.36,3.17,0.00025951957651419505,11.629275836759446,8.192227155711283,6.907556243235543,1.4703494265273882,0.7567339061932353,2.2270833327206234
97,14.06202239837401,18.77328316980042,1.63,1.63,40000.0,3.3355243718407057,3.5315486525111544,-7.362658560696014,-1.504601714570128,3500.4339603080343,4.955299432885634,26.898281202231033,3.4044226589707036,8.609193381434567,2.329161929840527,2.321980094831494,19.092492924826363,33.72579499340653,38.93680814242605,99.4730389706792,4.36,3.17,0.0013639046211773565,4.23037670465645,23.66503539230686,23.98127900612998,1.9037411263385873,1.0967832425184723,3.0005243688570595
98,14.024003798945794,18.563188964500217,1.63,1.63,40000.0,2.6862141973898503,3.005466243696597,-6.986122439847134,-2.625910479484361,3500.3588255637515,2.3443445242730148,9.628732729358287,3.6587342772598435,7.839356436391353,2.306506949008661,2.364248822158639,8.057973702915257,16.670327838130394,42.347565141349676,89.21453170387127,4.36,3.17,0.0004264948601185383,6.659160293031999,14.268647997019187,14.15959174524974,1.9969054006626412,1.138640427444077,3.135545828106718
99,14.117417381966916,18.668125001126228,1.63,1.63,40000.0,3.38694808096176,3.8032926683198673,-8.18471416493082,-2.048485524680879,3500.0151211724037,4.005545143261308,25.274070747850256,3.338884893570666,18.25162219918348,2.296130836009776,2.3650012400827145,18.7333499673849,35.00171118266241,41.050918684773976,99.14255141548567,4.36,3.17,0.0016160393518992607,4.061704633994249,22.92032427189138,23.464972518178914,1.7717243575457688,1.0008935396853667,2.7726178972311355
100,14.032800065995051,18.794979297310757,1.63,1.63,40000.0,3.6050280895810194,3.903427652197117,-7.393679766653253,1.430820474669692,3500.338005544107,4.007304147014219,8.980587663089864,3.4931577994868936,9.654159230700131,2.3218956202613863,2.336417480349113,15.160923766820153,16.2207003522321,42.08214919564846,99.77928111681825,4.36,3.17,0.0008450980457598549,4.605985139368115,23.07069406900394,22.201798257797343,2.154016100125552,1.068912637215493,3.2229287373410447
101,14.1414883640323,18.674775217457917,1.63,1.63,40000.0,2.6962166008604416,3.9534981116172996,8.469584791346415,-1.2058260241899152,3500.3912918171573,4.16714953256003,9.016082929807542,3.0590364046606537,9.630885401077636,2.3227108888423373,2.3675040500592095,8.852091900133354,16.098801580583746,38.67905838779844,52.05668157394477,4.36,3.17,0.00029611721895126243,8.907019581965988,9.732075076145387,9.344619274291274,1.6083397538647393,0.8768877977988238,2.485227551663563
102,7.372870137575348,10.314104727590582,1.63,1.63,,2.598460716975356,2.675965142097205,1.9033949621430122,0.09373733561421778,3500.1947805168843,3.670328994474243,8.826828900589014,1.6493315498983097,5.960251542743789,2.297619433214763,2.299115860367744,8.004264750444275,15.033663112730967,14.865448806546764,20.00107380889792,,,7.31252465333895e-05,inf,5.91103158399646,5.528917555497487,1.399915763642135,0.672293805406764,2.072209569048899
103,13.871548281081017,19.500399979426394,1.63,1.63,40000.0,3.421276401465383,3.9538667100069826,7.926396340991216,1.3921546256858348,3499.907444074975,4.613156646833773,8.84286650185701,4.349896027037269,8.591267684403107,2.366870215704531,2.3376229194410145,8.078461228288639,16.22514958076636,41.73714272913979,21.040698626439113,4.36,3.17,0.00016695773524156194,31.986593623745723,5.053443444270428,4.247772794954851,1.3493170068194196,0.5914798616684173,1.940796868487837
104,14.081515617340528,18.667922510626706,1.63,1.63,40000.0,3.3881157306811747,3.920995909893902,-7.407672326959145,1.4085604804248972,3500.8044846461735,4.109841926498104,8.906253472982668,3.7133082149795182,8.807436952179561,2.3253327671351167,2.3319504462274576,9.783611818421582,16.4309235744038,42.458684142986904,63.8978102314977,4.36,3.17,0.0003921122048464913,7.128450877395201,12.523027006525606,12.125935452054579,1.7293274183043912,0.9220529727902794,2.6513803910946705
105,14.223017281712647,18.82848910420033,1.63,1.63,40000.0,2.906092554024841,3.758757777521833,8.013345765513355,-1.5715346780715647,3500.3979130753974,5.13084731179585,25.40018926417977,3.6652798936290734,8.460797661602088,2.3887144185733638,2.363785244220402,18.837058536306518,33.93575094549914,40.99957239103311,99.47824659631299,4.36,3.17,0.001383184493645456,4.227452885162488,23.419381437432715,23.44341809968317,1.9533525869608688,1.0351283679895962,2.988480954950465
106,14.152679069607274,18.77441598633523,1.63,1.63,40000.0,3.5021775636363155,3.956791377330938,8.467258959056577,-1.037027738295813,3500.029524790215,6.026233553000217,24.84065360118785,3.445074351951161,9.553687663004954,2.3260644200869853,2.361353193267348,18.954954549941903,35.739562745522996,41.716597911697114,99.91734190802366,4.36,3.17,0.0014705393106182881,4.1438594193988765,23.462622839640048,23.290919942625635,1.8431286932408049,1.0357879233140783,2.878916616554883
107,13.893430295696293,18.796865092229336,1.63,1.63,40000.0,3.3369129743376185,3.8258156815530175,8.522285992565807,-1.5115936670011383,3500.064625392044,4.13540922431188,25.862481929745606,3.5220393985676597,20.702693378036823,2.3275015195891373,2.3648486940150213,18.95581782620807,33.68440102506881,41.64603489318177,99.73989075942603,4.36,3.17,0.0016803807742548748,4.032233735724164,23.54255380150745,23.43223870919116,1.7152200875828423,1.0138499181948701,2.7290700057777126
108,14.078513632180721,18.95228521555406,1.63,1.63,40000.0,3.380938474442506,3.9546491896842153,-8.794389637062002,2.1434920606369277,3499.940867784133,5.453840853947277,10.131256056883888,3.7621270730292684,9.392249339947778,2.317253813149291,2.3667895594279384,9.432973541358054,16.304438705034265,41.92603903642375,99.77926488638164,4.36,3.17,0.0005342087071979719,5.459862513244894,15.304332764356111,15.206371743762173,2.013037090331259,1.0414873783157972,3.054524468647056
109,14.466860712814457,19.122102764476477,1.63,1.63,40000.0,3.379498619619913,3.831903966902167,-8.42289457608364,1.702892674651674,3500.3794086577627,5.1323732690953365,25.371946731377065,3.463377454954057,11.81765839181138,2.3883690240370683,2.3661012659113134,18.697022147523136,36.219406878666256,41.988391613520534,97.03103877923436,4.36,3.17,0.0014846119927555052,4.11961510121814,22.84939342803004,23.255459596691114,1.8157183862139232,1.024727666741127,2.84044605295505
110,14.116600746697031,18.676593468663125,1.63,1.63,40000.0,3.3176680534527665,3.9940165882351693,-8.178857404304555,1.4580739965690985,3499.9029590072446,4.57230950784143,18.93276240560065,3.458137420977761,8.697987971802565,2.3161610445929695,2.3774747495891875,19.22125680580706,25.594103030410306,41.87545793429583,99.45179506300583,4.36,3.17,0.0012676435223614726,4.308986929804598,24.383399774266476,23.319138794315094,2.112299770526399,1.0439483771312652,3.156248147657664
111,14.461116977623677,19.122102764476477,1.63,1.63,40000.0,3.377654067834275,3.831483832983267,-8.42289457608364,1.2361193061401679,3500.367828571817,5.1323732690953365,25.371946731377065,3.463377454954057,18.16421786849037,2.3883690240370683,2.3533374852051554,18.697022147523136,36.219406878666256,41.9561131821667,96.21247900315132,4.36,3.17,0.001622434370675284,4.040047162065104,22.808344098917015,22.76804885197831,1.7415830466485032,1.002276843448299,2.743859890096802
112,14.137169254623604,18.931200367251726,1.63,1.63,40000.0,3.086974901633993,3.4578543610616435,-7.374759321121335,-2.217713767137037,3500.170043798238,3.694477723416476,10.311106693726906,3.4180483234409973,7.786196363544796,2.365833593346455,2.3636393011368177,8.99313507714657,17.585031224587272,38.1812731618337,97.73454052576518,4.36,3.17,0.0004781668490406401,5.676784064267354,15.750607653109942,15.68543976938249,2.0353132169461596,1.121738118455461,3.1570513354016203
113,14.149884933980843,19.21141992453897,1.63,1.63,40000.0,3.353682402186055,3.9736408307340336,-7.250133631558255,1.367483208866463,3500.1870374983323,5.032752108245803,25.44476864465922,3.4432354811198613,8.295153367148114,2.2964627598750105,2.363732008319235,18.180317897461723,35.06996952793533,41.70008508737019,98.91874814519882,4.36,3.17,0.0013590370277463055,4.2336395317119635,22.839663796494534,23.369740328318795,1.872244483669013,1.0217444070043624,2.8939888906733753
114,14.068702716374542,18.78065894523056,1.63,1.63,40000.0,3.38053410778257,3.892799194638393,-7.365438633512355,-1.018542698209967,3500.338005544107,4.26775435598065,9.8196876441265,3.448346899396771,9.654303102996868,2.3215794698811894,2.3776170732436737,19.154717769778276,15.96650074373855,39.93962381529211,99.9386950827278,4.36,3.17,0.001067133047746564,4.4387627084147985,24.709887023944084,24.337112273768483,2.2749267853140993,1.1318926245737522,3.4068194098878513
115,14.035315823273688,18.69642537545844,1.63,1.63,40000.0,2.758762549905812,3.5589630148842515,8.575132634319518,-1.5797884373704472,3500.3317471733944,3.9760815318864196,9.77450328797629,3.5410054135508675,8.7103116847645,2.3837704843444962,2.3721425921897805,8.104771891566703,17.015868465179274,38.222605607779784,26.293161715487745,4.36,3.17,0.0001811716158623318,22.199693029019958,5.4443248653233685,5.254635271345033,1.371975916203251,0.6814862828282187,2.0534621990314696
116,14.078059823508436,18.79933990933844,1.63,1.63,40000.0,2.8610084831019362,3.4578543610616435,-7.3849120488058375,1.620047976555441,3500.3884597234887,4.215788547955821,9.95643818933863,3.0538440017362793,8.754975590474851,2.3287030754223643,2.3618987435894345,8.278966821922195,16.31640811061324,37.64869635044888,37.20483617509806,4.36,3.17,0.00021764932551418553,13.674304741514518,7.298871176330012,6.855638498399735,1.5058593449091127,0.714067238249206,2.2199265831583186
117,14.07802386311215,18.6897397106644,1.63,1.63,40000.0,3.421822620597376,3.940356269780949,-7.3804841692181995,1.9377372019169015,3500.37995000635,5.26966707448161,9.786941670053057,3.4238787637886343,8.564497021088107,2.3246310981559213,2.3636341011094335,18.95419539335562,16.30275399381914,42.177221222978815,99.53455361074117,4.36,3.17,0.001068197791475511,4.4351951186848435,24.657465927532968,23.921611360783242,2.2337417419707033,1.1245061230356557,3.358247865006359
118,14.333660388529918,19.239294016687055,1.63,1.63,40000.0,3.5984217535790894,3.892259923414805,-6.966057786547045,1.718484103158076,3500.4297320281544,3.2531454170761283,9.841513546612532,3.5316009320297126,9.6358858154821,2.3820643985453356,2.368564937896943,15.160923766820153,16.716843175509993,42.06336690166291,99.93842842236941,4.36,3.17,0.0008551579363832336,4.54530914799288,23.191800990381,22.219593341074802,2.1606818194090534,1.0683981481219604,3.229079967531014
119,14.154500890194619,18.688414401977155,1.63,1.63,40000.0,3.215149115549819,4.3002129464308725,-7.277922831274529,1.771234439887039,3500.3416622394766,4.639535978995258,26.141511009972312,3.4299478987607896,8.532142294464137,2.311012850016153,2.3225285260326944,17.86533256354135,34.29824439170196,42.894169804382436,99.4774122371779,4.36,3.17,0.0013524609065404542,4.270591787470721,22.719061302522814,23.238369897907596,1.8889516602944452,1.0219470504448294,2.9108987107392745
